epoch	loss	time
0	1387.168394356966	8.168180704116821
1	1172.7511382699013	8.165076732635498
2	1133.0646404623985	8.01680064201355
3	1096.1092222034931	8.10592269897461
4	1056.2254174351692	8.177671432495117
5	1028.2023798525333	8.062936305999756
6	1006.6141059100628	8.174952030181885
7	998.5839281380177	8.164333820343018
8	963.0894097387791	8.145670890808105
9	959.81822219491	8.142963886260986
10	946.0504915416241	8.146626949310303
11	936.3728456199169	8.16686725616455
12	914.0622818171978	8.237211465835571
13	914.3623434007168	8.14729380607605
14	904.6026251018047	8.109878063201904
15	901.030250877142	8.24409031867981
16	887.5360902249813	8.211118936538696
17	878.8624764680862	8.220946788787842
18	874.3693436086178	8.199360132217407
19	861.2954305708408	8.113106489181519
