epoch	loss	time
0	1358.0163156986237	15.9651939868927
1	1137.5097777843475	16.102216482162476
2	1107.1879769563675	16.146485805511475
3	1081.5048362016678	16.09317970275879
4	1060.1841675639153	16.037118673324585
5	1028.6455827951431	16.06717300415039
6	1018.3739270269871	16.111716747283936
7	1000.8272898495197	16.005056142807007
8	983.6104721426964	16.223646640777588
9	973.3601494431496	16.15019702911377
10	958.0902305841446	16.159413814544678
11	948.7710838019848	16.501384019851685
12	933.1277356147766	16.31909418106079
13	931.5504472851753	16.193296194076538
14	924.3739658296108	16.08600354194641
