epoch	loss	time
0	2915.484864190221	13.171804904937744
1	2709.4841651320457	13.075984954833984
2	2660.8867787122726	13.149693012237549
3	2633.6610657572746	13.142396688461304
4	2604.097563266754	13.10038948059082
5	2572.0330622196198	13.164556980133057
6	2547.209713488817	13.310854434967041
7	2533.107722401619	13.215869426727295
8	2519.335977345705	13.110289096832275
9	2493.572371482849	13.128917217254639
10	2483.99845546484	13.19303584098816
11	2476.824824154377	13.247645378112793
12	2455.7443726956844	13.13455581665039
13	2443.594600081444	13.262458801269531
14	2435.7230075895786	13.21324110031128
15	2427.25968798995	13.163191556930542
16	2419.441538244486	13.067160367965698
17	2413.5122542083263	13.213933229446411
18	2401.485770136118	13.094112873077393
19	2395.791002124548	13.178415775299072
