epoch	loss	time
0	570.2502033412457	11.366641998291016
1	445.33486483991146	11.399195909500122
2	420.5339616090059	11.380475044250488
3	407.1043629050255	11.37455415725708
4	391.8964615762234	11.456521987915039
5	385.46596974134445	11.37404203414917
6	375.857095181942	11.390391826629639
7	369.7977359443903	11.623644351959229
8	362.84011963009834	11.975014448165894
9	355.3868055790663	12.066199541091919
10	348.44113421440125	11.988739490509033
11	342.1281982809305	11.650110721588135
12	334.9204578027129	11.668055534362793
13	328.7027060613036	11.520569086074829
14	330.2314461991191	11.537757396697998
